$ANSIBLE_VAULT;1.1;AES256
31383230336361326266316138653034373631616532633964373666353163633938303864633663
3330616664306366343665373630346339306235643238370a623437656162636338303166393139
35366662396336393933366237656332313864623433653261633336323364613530313534333238
3964313965366330620a306363643533613037383133373133383236303638626334333537633937
63366561653034353636663830613462613435363061643966316232306536396366383432383062
36316533613532366436373533653562643937636530313536313761623139343234653539376362
64376362653063373330313433393766333062376563643232363936313564383766623234356334
62373834643737633034636130663731393439626362336635333237366263373962316532303931
66333132353131303037353230373030633931653833373539643934373936353735613535616437
39396566336532396630643263333463383061313836376562656636343932653734663538653932
33383331366166326635393139366539333463616564623535653038373636663237316333343064
33616531663532363334646263623637393966346139316534613834366661383137626437313363
39653166653439643161313633643761666338643836363163383139306235396539
